Current learning rate: 9e-06
Epoch: [0][  0/384]	Loss 2.43948 (2.21766)	Accuracy  0.000 ( 6.250)	Loss_1 2.59308 (2.59308)	Loss_2 2.58006 (2.58006)	Loss_3 2.29332 (2.29332)	Loss_4 2.29144 (2.29144)
Epoch: [0][100/384]	Loss 1.25703 (1.54732)	Accuracy 53.125 (43.270)	Loss_1 1.36371 (1.63480)	Loss_2 1.11708 (1.62902)	Loss_3 1.39079 (1.61458)	Loss_4 1.15653 (1.61014)
Epoch: [0][200/384]	Loss 0.79731 (1.23753)	Accuracy 75.000 (56.561)	Loss_1 0.79881 (1.33372)	Loss_2 0.77948 (1.31285)	Loss_3 0.81683 (1.33480)	Loss_4 0.79413 (1.31836)
Epoch: [0][300/384]	Loss 0.57396 (1.07138)	Accuracy 84.375 (62.910)	Loss_1 0.64416 (1.17740)	Loss_2 0.48595 (1.14846)	Loss_3 0.66178 (1.18053)	Loss_4 0.50395 (1.15560)
Test: [ 0/96]	Loss 0.50123 (0.50123)	Accuracy 87.500 (87.500)
 * Accuracy 84.681
Current best accuracy: 84.68057250976562
Current learning rate: 8.82e-06
Epoch: [1][  0/384]	Loss 0.78749 (0.67623)	Accuracy 78.125 (78.125)	Loss_1 0.70548 (0.70548)	Loss_2 0.85518 (0.85518)	Loss_3 0.71962 (0.71962)	Loss_4 0.86969 (0.86969)
