Current learning rate: 9e-06
Epoch: [0][  0/384]	Loss 2.36309 (2.17560)	Accuracy  0.000 ( 0.000)	Loss_1 2.56561 (2.56561)	Loss_2 2.57603 (2.57603)	Loss_3 2.17943 (2.17943)	Loss_4 2.13129 (2.13129)
Epoch: [0][100/384]	Loss 1.16792 (1.50666)	Accuracy 56.250 (44.415)	Loss_1 1.21434 (1.58824)	Loss_2 1.12345 (1.58375)	Loss_3 1.19595 (1.58009)	Loss_4 1.13795 (1.57288)
Epoch: [0][200/384]	Loss 1.12900 (1.27733)	Accuracy 62.500 (54.415)	Loss_1 1.17692 (1.36299)	Loss_2 1.06312 (1.35814)	Loss_3 1.16896 (1.36312)	Loss_4 1.10701 (1.35829)
Epoch: [0][300/384]	Loss 0.86997 (1.10976)	Accuracy 71.875 (61.400)	Loss_1 0.77311 (1.19849)	Loss_2 0.96736 (1.20034)	Loss_3 0.78977 (1.20251)	Loss_4 0.94964 (1.20276)
Test: [ 0/96]	Loss 0.62285 (0.62285)	Accuracy 68.750 (68.750)
 * Accuracy 81.910
Current best accuracy: 81.9100341796875
