Current learning rate: 9e-06
Current learning rate: 9e-06
Epoch: [0][  0/384]	Loss 2.34088 (2.15774)	Accuracy  6.250 ( 7.812)	Loss_1 2.51167 (2.51167)	Loss_2 2.49095 (2.49095)	Loss_3 2.18125 (2.18125)	Loss_4 2.17965 (2.17965)
Epoch: [0][100/384]	Loss 1.20407 (1.48739)	Accuracy 59.375 (45.978)	Loss_1 1.23164 (1.58155)	Loss_2 1.17947 (1.55482)	Loss_3 1.22771 (1.56574)	Loss_4 1.17745 (1.54467)
Epoch: [0][200/384]	Loss 0.90563 (1.23865)	Accuracy 71.875 (56.444)	Loss_1 1.09106 (1.33446)	Loss_2 0.73368 (1.31539)	Loss_3 1.04077 (1.33048)	Loss_4 0.75701 (1.31614)
Epoch: [0][300/384]	Loss 0.82566 (1.08384)	Accuracy 84.375 (62.604)	Loss_1 0.60411 (1.18709)	Loss_2 1.03992 (1.16443)	Loss_3 0.65327 (1.18733)	Loss_4 1.00533 (1.16747)
